regpoints = [241 141; 241 460;560 460;560 141]; 

target_points1 = [1243.3749999999998 440.6249999999991;1235.125 2325.875;3097.125 2333.125;3114.875 453.375]; 

