blur_stds =

    0.0043    0.0038    0.0078    0.0078


noise_stds =

    0.0088    0.0077    0.0144    0.0144


blur_std =

    0.0059


noise_std =

    0.0113


ans =

   11.6590


ans =

    4.3287


ans =

   11.4955


ans =

    8.9319


ans =

   11.7432
