blur_stds =

    0.0033    0.0026    0.0063    0.0063


noise_stds =

    0.0061    0.0047    0.0095    0.0095


blur_std =

    0.0046


noise_std =

    0.0075
	
ans =

    9.8807


ans =

    4.8763


ans =

    9.7412


ans =

    4.8593


ans =

    9.8801
