
blur_stds =

    0.0030    0.0025    0.0056    0.0056


noise_stds =

    0.0075    0.0060    0.0090    0.0090


blur_std =

    0.0042


noise_std =

    0.0079
	

ans =

   10.7827


ans =

    5.3354


ans =

   10.6846


ans =

    6.8086


ans =

   10.7981	
	